1 0.346114 0.252036 0.110729 0.185657
1 0.782661 0.713950 0.112450 0.185843
1 0.198411 0.249989 0.113993 0.186664
1 0.639793 0.712575 0.112357 0.183907
1 0.335996 0.712561 0.113221 0.184693
1 0.639232 0.478271 0.113250 0.188214
1 0.336436 0.478943 0.111686 0.190043
1 0.782732 0.252714 0.112836 0.185457
1 0.196339 0.478479 0.110864 0.191100
1 0.491079 0.478121 0.115429 0.189243
1 0.500675 0.712332 0.113850 0.192421
1 0.492021 0.249871 0.113371 0.188614
1 0.638793 0.249914 0.112900 0.188314
1 0.197068 0.712611 0.112321 0.184164
1 0.782436 0.481761 0.113943 0.189250
