1 0.456203 0.218220 0.022313 0.046230
1 0.431047 0.218220 0.024219 0.046230
1 0.757133 0.593852 0.079266 0.093185
1 0.258516 0.205773 0.024687 0.072576
1 0.241188 0.208618 0.025156 0.066885
1 0.385000 0.210023 0.029906 0.045527
1 0.349648 0.216089 0.026578 0.044824
1 0.566773 0.220000 0.019484 0.045527
1 0.303133 0.211827 0.026578 0.060468
1 0.615445 0.223911 0.024672 0.030585
1 0.029883 0.596358 0.057828 0.102787
1 0.284117 0.213009 0.028266 0.050047
1 0.112492 0.190117 0.031141 0.105714
1 0.333078 0.429813 0.015187 0.025199
1 0.351539 0.429204 0.023391 0.033817
1 0.311742 0.424274 0.020922 0.035059
1 0.384563 0.425808 0.044313 0.044262
1 0.276469 0.426429 0.042250 0.043021
1 0.525031 0.215726 0.025156 0.051218
1 0.587914 0.218583 0.025641 0.042693
1 0.480406 0.219649 0.025156 0.044824
