1 0.581938 0.608279 0.040531 0.106581
1 0.539445 0.296838 0.014891 0.037190
1 0.579859 0.329239 0.014906 0.022319
1 0.603086 0.326862 0.013828 0.036674
1 0.060711 0.443396 0.047047 0.071616
1 0.213133 0.395597 0.018391 0.054192
1 0.045961 0.507377 0.027078 0.081874
1 0.449305 0.918689 0.095391 0.162623
1 0.103891 0.438314 0.036469 0.070726
1 0.371719 0.885867 0.062594 0.205410
1 0.224477 0.359778 0.014703 0.044098
1 0.564867 0.480527 0.036547 0.090890
1 0.268672 0.359005 0.015656 0.046956
1 0.552734 0.288864 0.012406 0.038244
1 0.530422 0.424754 0.020687 0.062717
1 0.168852 0.385504 0.018078 0.047775
1 0.500234 0.480726 0.027531 0.078595
1 0.536070 0.386112 0.023047 0.026557
1 0.549188 0.325796 0.012406 0.032436
1 0.355766 0.792260 0.056969 0.122365
1 0.260469 0.371323 0.017219 0.052576
1 0.134617 0.420094 0.033359 0.093068
1 0.588797 0.534215 0.024906 0.069883
1 0.502039 0.614227 0.040578 0.078993
1 0.660664 0.894660 0.061016 0.187541
