1 0.309867 0.076506 0.070937 0.121213
1 0.838801 0.773475 0.182508 0.316250
1 0.864277 0.511769 0.112258 0.191737
1 0.779223 0.517275 0.136367 0.198350
1 0.692789 0.767969 0.113641 0.318462
1 0.595340 0.769069 0.137742 0.309638
1 0.659734 0.509013 0.097109 0.197250
1 0.570539 0.507912 0.106078 0.186225
1 0.225160 0.057769 0.084711 0.105787
1 0.157664 0.055569 0.079203 0.103587
1 0.370133 0.179537 0.088156 0.131125
1 0.294371 0.181187 0.082648 0.125625
1 0.611176 0.091381 0.075758 0.109087
1 0.447609 0.494688 0.097109 0.179625
1 0.675230 0.091931 0.068867 0.110188
1 0.756840 0.089181 0.083336 0.106887
1 0.814691 0.090275 0.065430 0.098075
1 0.931277 0.758044 0.137445 0.292013
1 0.527500 0.086425 0.069563 0.112400
1 0.457941 0.084219 0.073695 0.116812
1 0.625988 0.198263 0.086086 0.126725
1 0.696578 0.200475 0.078516 0.115700
1 0.438312 0.748131 0.125344 0.318462
1 0.458629 0.194956 0.076445 0.120112
1 0.197953 0.163538 0.104688 0.130075
1 0.378051 0.069344 0.070930 0.095863
1 0.535422 0.195513 0.071625 0.112400
1 0.227223 0.494137 0.128789 0.200550
1 0.184523 0.751437 0.163219 0.311850
1 0.789898 0.201575 0.106750 0.131125
1 0.854980 0.203231 0.084023 0.134438
1 0.353273 0.491931 0.101266 0.191737
1 0.129434 0.163556 0.084727 0.136637
1 0.136672 0.493588 0.108844 0.195050
1 0.072813 0.754194 0.145625 0.319562
1 0.328813 0.757500 0.118469 0.312950
